1714310199681 8.714201927185059 0
1714310341087 21.577238082885742 1
1714310411279 38.68390655517578 2
1714310479392 56.278236389160156 3
1714310570289 64.30164337158203 4
1714310663962 65.14451599121094 5
1714310846554 64.7568130493164 6
1714310943703 61.98522186279297 7
1714311038337 59.951690673828125 8
1714311134402 57.0579833984375 9
1714311225943 53.3024787902832 10
1714311403003 49.900184631347656 11
1714311497808 47.84370803833008 12
1714311595439 46.312416076660156 13
1714311690390 44.557884216308594 14
1714311785052 42.449554443359375 15
1714311961032 41.72650909423828 16
1714312056333 40.700836181640625 17
1714312153871 39.804100036621094 18
1714312248890 38.22351837158203 19
1714312339767 37.01398849487305 20
1714312511340 36.09477233886719 21
1714312605636 35.526119232177734 22
1714312700590 35.144954681396484 23
1714312795280 34.46647262573242 24
1714312885810 33.835289001464844 25
1714313055985 32.91599655151367 26
1714313150519 32.7971076965332 27
1714313246274 31.896291732788086 28
1714313341470 31.697141647338867 29
1714313432858 31.175905227661133 30
1714313606071 30.925443649291992 31
1714314879497 30.684951782226562 32
1714314980132 30.484678268432617 33
1714315113019 30.028030395507812 34
1714315231985 29.96579933166504 35
1714315458634 29.357641220092773 36
1714315587230 29.270654678344727 37
