1714310199681 1283.6217041015625 0
1714310341087 875.6468505859375 1
1714310411266 696.0457153320312 2
1714310479392 529.8220825195312 3
1714310570289 416.9587097167969 4
1714310663962 360.2212829589844 5
1714310846537 323.3172302246094 6
1714310943703 299.02020263671875 7
1714311038337 277.3404846191406 8
1714311134402 243.276611328125 9
1714311225927 234.63755798339844 10
1714311403003 225.44338989257812 11
1714311497808 208.39418029785156 12
1714311595439 186.83050537109375 13
1714311690390 170.53501892089844 14
1714311785052 167.7825164794922 15
1714311961028 162.3739471435547 16
1714312056317 154.30218505859375 17
1714312153871 150.69137573242188 18
1714312248890 134.2698974609375 19
1714312339752 126.8116226196289 20
1714312511340 125.47467803955078 21
1714312605636 120.32515716552734 22
1714312700590 116.51847076416016 23
1714312795276 117.38865661621094 24
1714312885810 109.63387298583984 25
1714313055985 103.00588989257812 26
1714313150504 102.71279907226562 27
1714313246274 96.46258544921875 28
1714313341470 93.67835235595703 29
1714313432858 88.84326171875 30
1714313606071 89.73181915283203 31
1714314879497 91.262939453125 32
1714314980132 87.213623046875 33
1714315113019 82.3955307006836 34
1714315231985 85.6329574584961 35
1714315458634 77.87545776367188 36
1714315587230 79.82723999023438 37
