1714299688023 1266.10009765625 0
1714299839330 875.939697265625 1
1714299912904 665.9009399414062 2
1714299987827 529.9546508789062 3
1714300061152 422.5327453613281 4
1714300138514 376.0450134277344 5
1714300276452 327.8168029785156 6
1714300351709 295.38214111328125 7
1714300427943 277.8360595703125 8
1714300505641 257.7257385253906 9
1714300585590 253.53030395507812 10
1714300724079 222.56015014648438 11
1714300797096 213.4876251220703 12
1714300871358 202.3904266357422 13
1714300944362 183.35870361328125 14
1714301017231 177.06436157226562 15
1714301152720 179.346923828125 16
1714301226799 173.67098999023438 17
1714301300372 157.2020263671875 18
1714301369485 155.398681640625 19
1714301438500 147.00506591796875 20
1714301559452 138.48500061035156 21
1714301630530 130.5118408203125 22
1714301701504 120.08226776123047 23
1714301772253 115.69844818115234 24
1714301841285 123.43096160888672 25
1714301963700 107.66400909423828 26
1714302034193 110.58413696289062 27
1714302102852 109.80180358886719 28
1714302172185 104.44197082519531 29
1714302253307 96.6225814819336 30
1714302397507 94.42308044433594 31
1714302470264 90.89125061035156 32
1714302542938 88.52581787109375 33
1714302614569 97.21768951416016 34
1714302686530 94.93272399902344 35
1714302811994 85.91336822509766 36
1714302883781 85.97811126708984 37
1714302956888 79.4969711303711 38
1714303028415 79.64672088623047 39
1714303099449 81.75557708740234 40
1714303224035 77.09667205810547 41
1714303303940 76.57041931152344 42
1714303386832 71.52877807617188 43
1714303474212 73.4784164428711 44
1714303575938 79.75759887695312 45
1714303729935 74.24423217773438 46
1714303801327 67.70568084716797 47
1714303873087 67.03099060058594 48
1714303946425 67.32170104980469 49
1714304019087 63.686912536621094 50
1714304144595 66.11107635498047 51
1714304216287 62.807464599609375 52
1714304288088 62.03667068481445 53
1714304360618 66.42374420166016 54
1714304434939 65.73733520507812 55
1714304561541 63.275909423828125 56
1714304634096 62.84593963623047 57
1714304706528 64.1773910522461 58
1714304781344 57.174644470214844 59
