1714299688027 8.892210006713867 0
1714299839333 22.844388961791992 1
1714299912909 45.25233840942383 2
1714299987843 61.38759231567383 3
1714300061159 71.1002426147461 4
1714300138517 70.79655456542969 5
1714300276455 68.85395050048828 6
1714300351713 67.08515930175781 7
1714300427943 62.60319137573242 8
1714300505651 58.46504211425781 9
1714300585590 55.38608169555664 10
1714300724079 52.457218170166016 11
1714300797112 49.41648864746094 12
1714300871362 47.21505355834961 13
1714300944370 45.77287673950195 14
1714301017239 43.70735549926758 15
1714301152735 43.94031524658203 16
1714301226802 43.22172164916992 17
1714301300375 40.977149963378906 18
1714301369490 40.80095672607422 19
1714301438500 40.60703659057617 20
1714301559452 40.447959899902344 21
1714301630543 39.48101043701172 22
1714301701504 39.2525520324707 23
1714301772253 37.981178283691406 24
1714301841288 38.54366683959961 25
1714301963700 37.604774475097656 26
1714302034193 37.412757873535156 27
1714302102854 36.68016815185547 28
1714302172194 35.746238708496094 29
1714302253307 35.307762145996094 30
1714302397515 34.8758659362793 31
1714302470266 34.497493743896484 32
1714302542941 33.697509765625 33
1714302614575 33.887062072753906 34
1714302686539 33.72603988647461 35
1714302811999 32.86186981201172 36
1714302883781 32.60189437866211 37
1714302956892 31.93854522705078 38
1714303028415 31.606273651123047 39
1714303099457 31.243017196655273 40
1714303224041 31.115253448486328 41
1714303303940 30.588788986206055 42
1714303386836 29.922948837280273 43
1714303474222 29.922718048095703 44
1714303575938 29.72065544128418 45
1714303729935 29.304340362548828 46
1714303801327 28.77680778503418 47
1714303873088 28.354251861572266 48
1714303946429 28.139516830444336 49
1714304019088 27.829116821289062 50
1714304144597 28.05861473083496 51
1714304216287 27.92278289794922 52
1714304288088 27.662424087524414 53
1714304360624 27.541637420654297 54
1714304434939 28.131771087646484 55
1714304561546 27.72508430480957 56
1714304634097 27.436851501464844 57
1714304706528 27.4576358795166 58
1714304781344 27.138137817382812 59
